Year   Moose  Wolves
 1959  814   20
 1960  904   25
 1961 1012   27
 1962 1111   28
 1963 1218   28
 1964 1376   26
 1965 1576   28
 1966 1777   25
 1967 2060   24
 1968 2366   24
 1969 2346   23
 1970 2158   20
 1971 2060   16
 1972 1922   16
 1973 1766   18
 1974 1594   16
 1975 1386   14
 1976 1369   12
 1977 1780   14
 1978 2200   15
 1979 2084   17
 1980 1892   18
 1981 1799   17
 1982 1737   14
 1983 1733   13
 1984 1755   14
 1985 2202   12
 1986 2045   11
 1987 1815   13
 1988 1737   14
 1989 1703   13
 1990 1731   11
 1991 1836   10
 1992 2367   13
 1993 2216   16
 1994 1935   17
 1995 1822   21
 1996 1747   25
 1997 1609   24
 1998 1536   23
 1999 1392   20
 2000 1727   19
 2001 2092   23
 2002 2497   23
 2003 2316   25
 2004 2106   28
 2005 2046   30
 2006 1997   28
 2007 1699   25
 2008 1470   25
 2009 1204   24
 2010 1135   31
 2011 1374   33
 2012 1571   30
 2013 1748   33
 2014 1891   29
 2015 2116   28
 2016 2038   34
 2017 1874   38
 2018 1694   38
